12 11 3 106 109 1
11 11 3 103 109 2
10 11 6 100 109 2
10 12 3 94 109 0
9 12 3 91 109 1
8 12 7 88 109 2
7 12 3 81 109 2
7 11 5 78 109 0
6 11 6 73 109 1
5 11 5 67 109 2
4 11 3 62 109 2
4 10 5 59 109 1
3 10 4 54 109 2
2 10 2 50 109 1
2 9 4 48 109 2
2 8 5 44 109 2
1 8 3 39 109 1
1 7 5 36 109 2
1 6 3 31 109 2
0 6 2 28 109 0
0 5 3 26 109 1
0 4 4 23 109 2
0 3 3 19 109 2
1 3 5 16 109 2
11 12 5 106 109 2
11 11 3 101 109 2
12 11 3 104 107 1
11 11 3 101 107 2
10 11 6 98 107 2
10 12 3 92 107 0
9 12 3 89 107 1
8 12 7 86 107 2
7 12 3 79 107 2
7 11 5 76 107 0
6 11 6 71 107 1
5 11 5 65 107 2
4 11 3 60 107 2
4 10 5 57 107 1
3 10 4 52 107 2
2 10 2 48 107 2
2 9 4 46 107 2
11 12 5 106 109 1
10 12 3 101 109 2
9 12 3 98 109 2
9 11 5 95 109 0
8 11 8 90 109 1
7 11 5 82 109 2
6 11 6 77 109 2
6 10 7 71 109 0
5 10 4 64 109 1
4 10 5 60 109 2
3 10 4 55 109 2
3 9 5 51 109 1
1 9 5 42 107 2
1 8 3 37 107 2
0 8 1 34 107 0
0 7 3 33 107 1
0 6 2 30 107 2
0 5 3 28 107 2
1 5 5 25 107 0
1 4 4 20 107 1
1 3 5 16 107 2
1 2 1 11 107 2
0 2 1 10 107 2
11 12 5 105 108 2
11 11 3 100 108 2
12 11 3 103 106 1
11 11 3 100 106 2
10 11 6 97 106 2
10 12 3 91 106 0
9 12 3 88 106 1
8 12 7 85 106 2
7 12 3 78 106 2
7 11 5 75 106 0
6 11 6 70 106 1
5 11 5 64 106 2
4 11 3 59 106 2
4 10 5 56 106 1
3 10 4 51 106 2
2 10 2 47 106 2
2 9 4 45 106 1
11 12 5 105 108 1
10 12 3 100 108 2
9 12 3 97 108 2
9 11 5 94 108 0
8 11 8 89 108 1
7 11 5 81 108 2
6 11 6 76 108 2
6 10 7 70 108 0
5 10 4 63 108 1
4 10 5 59 108 2
3 10 4 54 108 2
3 9 5 50 108 0
1 9 5 41 106 2
0 9 1 36 106 0
0 8 1 35 106 1
0 7 3 34 106 2
0 6 2 31 106 2
1 6 3 29 106 1
1 5 5 26 106 2
1 4 4 21 106 2
0 4 4 17 106 0
0 3 3 13 106 1
0 2 1 10 106 2
0 1 4 9 106 2
1 1 2 5 106 2
11 12 5 104 107 1
10 12 3 99 107 2
9 12 3 96 107 2
9 11 5 93 107 1
8 11 8 88 107 2
7 11 5 80 107 2
7 12 3 75 107 1
6 12 6 72 107 2
5 12 4 66 107 2
5 11 5 62 107 1
11 12 5 106 109 2
10 12 3 101 109 2
10 11 6 98 109 2
9 11 5 92 109 2
9 12 3 87 109 0
8 12 7 84 109 1
7 12 3 77 109 2
6 12 6 74 109 2
6 11 6 68 109 0
4 11 3 57 107 2
3 11 5 54 107 2
3 10 4 49 107 2
11 12 5 105 108 2
10 12 3 100 108 2
10 11 6 97 108 2
9 11 5 91 108 2
9 12 3 86 108 1
11 12 5 103 106 2
11 11 3 98 106 2
12 11 3 101 104 1
11 11 3 98 104 2
10 11 6 95 104 2
10 12 3 89 104 0
9 12 3 86 104 1
8 12 7 83 104 2
7 12 3 76 104 2
7 11 5 73 104 0
6 11 6 68 104 1
5 11 5 62 104 2
4 11 3 57 104 2
4 10 5 54 104 1
3 10 4 49 104 2
2 10 2 45 104 2
2 9 4 43 104 1
11 12 5 103 106 1
10 12 3 98 106 2
9 12 3 95 106 2
9 11 5 92 106 0
8 11 8 87 106 1
7 11 5 79 106 2
6 11 6 74 106 2
6 10 7 68 106 0
5 10 4 61 106 1
4 10 5 57 106 2
3 10 4 52 106 2
3 9 5 48 106 0
1 9 5 39 104 2
0 9 1 34 104 0
0 8 1 33 104 1
0 7 3 32 104 2
0 6 2 29 104 2
1 6 3 27 104 0
1 5 5 24 104 1
1 4 4 19 104 2
1 3 5 15 104 2
0 3 3 10 104 2
11 12 5 104 107 2
10 12 3 99 107 2
10 11 6 96 107 2
9 11 5 90 107 2
9 12 3 85 107 1
11 12 5 102 105 2
11 11 3 97 105 2
12 11 3 100 103 1
11 11 3 97 103 2
10 11 6 94 103 2
10 12 3 88 103 0
9 12 3 85 103 1
8 12 7 82 103 2
7 12 3 75 103 2
7 11 5 72 103 0
6 11 6 67 103 1
5 11 5 61 103 2
4 11 3 56 103 2
4 10 5 53 103 1
3 10 4 48 103 2
2 10 2 44 103 2
2 9 4 42 103 1
11 12 5 102 105 1
10 12 3 97 105 2
9 12 3 94 105 2
9 11 5 91 105 0
8 11 8 86 105 1
7 11 5 78 105 2
6 11 6 73 105 2
6 10 7 67 105 0
5 10 4 60 105 1
4 10 5 56 105 2
3 10 4 51 105 2
3 9 5 47 105 0
1 9 5 38 103 2
0 9 1 33 103 0
0 8 1 32 103 1
0 7 3 31 103 2
0 6 2 28 103 2
1 6 3 26 103 1
1 5 5 23 103 2
1 4 4 18 103 2
0 4 4 14 103 1
11 12 5 103 106 2
10 12 3 98 106 2
10 11 6 95 106 2
9 11 5 89 106 2
9 12 3 84 106 1
11 12 5 101 104 2
11 11 3 96 104 2
12 11 3 99 102 1
11 11 3 96 102 2
10 11 6 93 102 2
10 12 3 87 102 0
9 12 3 84 102 1
8 12 7 81 102 2
7 12 3 74 102 2
7 11 5 71 102 0
6 11 6 66 102 1
5 11 5 60 102 2
4 11 3 55 102 2
4 10 5 52 102 1
3 10 4 47 102 2
2 10 2 43 102 2
2 9 4 41 102 1
11 12 5 101 104 1
10 12 3 96 104 2
9 12 3 93 104 2
9 11 5 90 104 0
8 11 8 85 104 1
7 11 5 77 104 2
6 11 6 72 104 2
6 10 7 66 104 0
5 10 4 59 104 1
4 10 5 55 104 2
3 10 4 50 104 2
3 9 5 46 104 0
1 9 5 37 102 2
0 9 1 32 102 0
0 8 1 31 102 1
0 7 3 30 102 2
0 6 2 27 102 2
1 6 3 25 102 2
1 5 5 22 102 2
0 5 3 17 102 0
0 4 4 14 102 1
0 3 3 10 102 2
0 2 1 7 102 2
1 2 1 6 102 1
1 1 2 5 102 2
1 0 3 3 102 2
0 0 2 0 102 3
Solution: 102
